123107 39153 51119 27363 31283
28140 58544 16541 23014 18079
23869 34820 11057 56354 37392
40910 48883 26851 60367 7061
4280 26253 28240 30123 41841
4245 30920 4897 8518 56134
19666 60920 37842 63933 48037
56607 21673 12999 5554 55969
53854 12260 48276 26197 45779
38609 36836 20626 62749 29515
23559 34748 62335 26875 57258
40202 63943 18826 23849 25961
38891 20840 47544 30051 59193
23494 26564 19024 43991 48072
8539 51624 5673 39875 37561
51856 58986 11098 5989 49029
20407 5858 30850 7943 12934
18486 24834 56153 16593 46806
11150 15360 30068 53449 64678
17385 15519 36275 58578 41251
1735 435 28883 17409 24767
19300 18346 20313 5034 13193
45955 11615 43344 53898 48550
49527 54038 63635 48779 770
32509 16516 51128 29209 12295
48859 29016 54130 42978 45459
8509 15281 28842 56713 42680
21855 42301 22484 21039 16249
45758 46878 32883 47045 14562
35258 49035 55432 36943 23441
40011 50630 10664 61056 16656
9223 38418 2035 64334 7430
33074 16928 5407 12538 28950
63488 39671 35457 6733 15402
59564 59733 35320 43717 19611
53471 6822 48734 1848 29969
49581 37884 57746 42482 32441
20737 7833 64345 39247 19196
31840 9903 11210 25313 27056
31548 52176 11023 40926 8058
53944 64023 19229 53036 13818
14239 65026 24313 43820 17020
55713 51242 4094 58680 31466
41102 44852 59867 38078 51504
56193 7001 3293 46790 55202
32061 1822 29791 9834 62388
15236 50 39462 64462 18828
55321 51786 28488 50550 28423
36286 11587 5367 65108 19616
51588 35554 50086 22870 37763
18556 7048 2716 49275 32345
58820 23825 63543 22472 12422
65415 10136 4421 34443 44364
21843 34547 12067 63810 28821
13549 8647 54990 24170 28454
8841 18619 24445 31851 45201
36706 10835 3358 14201 22455
57197 31002 64734 63212 28709
11640 26653 16891 51502 62543
984 37556 28034 27593 56954
934 35617 19421 2873 11879
26294 3292 32848 11526 54507
6551 33708 25658 34710 51354
21253 44973 21596 18383 1455
16673 62778 22561 40937 59715
8003 55114 42618 50232 60526
55629 21789 59760 26532 59034
39763 82 56927 15745 59110
26687 49884 53802 18432 54941
28322 51621 8938 31194 39701
45383 5099 46412 37437 51645
61472 31289 56520 1522 9
39692 4588 30116 38153 16074
45471 2880 35516 30893 50579
5197 6314 26840 56907 44518
51678 13160 10232 51629 3116
45822 38841 63501 11329 65012
25792 65405 6243 27083 2603
1946 39497 37691 35522 48545
53779 1901 5300 23690 61400
4003 15906 37384 13839 32900
31677 10869 45912 21080 61364
49778 40277 34853 17081 61856
63208 39688 49719 13335 38044
32221 65495 51311 24523 47856
42905 24827 59409 22263 64485
51846 6744 30320 13125 5644
30735 41187 48245 40511 43691
28586 32929 17978 63509 11032
23618 32704 12371 20043 32320
20045 51014 55222 29378 47482
2134 36521 32037 31619 15521
2340 36197 51563 53414 23346
35562 38961 27984 34353 27187
11375 10769 63864 22787 17123
41686 26138 20339 27402 57543
48887 53481 26638 39482 7696
8296 48206 22848 34292 5744
59990 45386 22638 22123 51886
27228 38056 34364 23529 59143
52511 57636 37756 54884 7782
63734 34184 58064 46074 28863
58307 23031 47343 51335 30366
23437 60952 6646 58701 41195
56767 21519 590 6122 18683
3432 44916 55735 56820 33613
23313 63178 48432 3171 8757
53806 27606 53961 27445 60061
5833 35314 10314 45809 37599
29245 48148 4021 17950 63869
18213 26330 27240 36153 40093
4013 40964 35670 64655 63682
55134 21861 25847 61770 10195
42632 43084 7941 33453 52737
46262 4263 58459 16213 23929
53193 40554 47606 65019 49488
33561 64020 11171 61784 55485
15412 26706 49130 52995 62162
45237 61724 25476 42250 31279
21670 596 36146 2524 53704
40099 39705 29960 407 21030
29707 50507 35261 64985 2443
34587 14167 26819 12638 62272
38472 29579 45544 22925 32982
7760 42981 52346 32189 61448
14675 30701 28351 53206 6782
48565 5636 16753 61630 62792
65058 13599 14397 27960 41240
6247 52977 11160 12458 61466
44500 6657 65081 25343 61032
12172 31407 3337 5376 23967
14240 30241 10630 33003 6402
26586 18796 48988 26262 60855
2161 12184 12758 12863 45470
8049 48925 44792 4243 37495
31481 55874 17577 63794 7476
63289 36377 41890 33145 63700
49297 21601 50528 27 40428
9803 28410 15261 35291 65152
27170 28479 29400 57663 55924
28871 37666 31046 3370 25157
12433 38952 60253 63097 32965
27199 19255 464 41859 52377
29882 27847 26940 40508 38584
1626 33427 8789 24550 5006
18286 28287 48127 47989 29735
25566 3905 15491 18125 16314
47994 47853 32046 28822 16560
16306 9112 28880 21016 52190
2638 43046 59722 27482 50825
48866 57127 54003 62738 58110
31505 45097 39954 8722 51938
58069 53713 51179 57240 37769
42281 21270 3197 40790 17606
40307 4296 13836 59627 25671
38005 31413 34066 20387 30686
8286 23389 48645 33552 26161
38318 53523 14047 44942 14776
42906 40531 36617 64943 5252
25966 15220 30578 8081 8243
12112 54521 6428 56645 16245
51581 20936 56038 16790 19801
4781 22800 56366 9438 46882
31746 18208 42168 63058 62726
24938 44310 25095 37739 39956
27382 3953 9267 56598 18961
58237 57928 10613 41826 61010
26264 55386 51094 6209 58039
18515 47673 19357 11434 64787
13996 21333 54375 25441 41685
44615 58724 6546 45622 41512
31784 15159 10805 19544 3450
46919 58291 46470 64479 65153
903 56345 36896 48191 50447
52739 40051 14763 28149 16754
50475 9694 1441 41822 9125
5447 56984 16916 57222 59581
41230 21297 45474 59302 53693
40571 29194 62538 51249 63703
36154 524 62993 3710 14031
6668 44235 7579 49715 17940
1908 843 32001 50999 14024
40502 51656 17546 63338 8173
43399 8658 44810 11915 14556
32106 37898 22074 21260 137
64729 20526 40255 42892 17583
11422 931 15792 24572 48418
10241 7876 21358 59629 6388
28581 24027 42144 4359 35132
16391 47679 11153 20360 37832
17157 12521 40281 32521 36555
36871 36863 64507 20064 22192
47216 11981 42458 16139 33668
43780 62100 57271 27963 53198
10463 32754 2331 53696 61508
59368 28730 45000 19722 43373
49951 30546 42661 7229 7593
9554 61300 36326 17760 64224
54758 12730 13658 65185 64929
27103 23762 8931 28680 12094
59360 35416 40105 40476 27464
51979 17651 13607 56142 20333
47891 60158 5569 31506 29645
22449 62169 65522 39571 51931
41868 19784 24408 55235 28147
13899 64443 33957 58781 50656
22363 49113 20834 21442 529
4986 58855 14986 55397 51677
40488 20419 44382 6827 64825
30512 59499 815 23694 65003
3301 32679 16910 38104 24230
50128 3514 30697 27544 2
53379 10997 1714 5643 34455
4918 42033 47284 56550 53326
64254 54033 1880 49611 22725
2151 53585 16117 52710 8948
46041 56696 47100 45499 30835
42043 5947 53355 19140 46161
57366 28300 59534 43122 32553
31567 18032 18936 18931 20809
63398 12240 16260 33085 20516
11714 32802 24134 43688 58062
63410 13366 4261 32970 46013
59762 36979 52495 53197 28227
32545 3213 32499 65132 34013
62500 2017 33715 51918 45310
55251 17994 24992 48087 6180
24950 52657 42121 62202 50866
18724 44542 36471 25389 42536
47760 6524 46853 43575 64447
11461 7986 31182 63222 13647
5979 20789 15342 54860 13444
11789 23921 43849 33677 16332
64048 31888 31395 28987 47129
51845 30199 64828 16815 30113
61003 33343 36944 57957 31627
31336 61861 25540 47474 41075
20883 23557 6852 34485 22744
13953 26299 49566 64130 49209
17424 21646 33014 5951 61349
14789 2944 43994 29047 47026
35841 41211 20750 46612 46338
23428 46995 543 63652 16533
18464 57566 44981 58686 55889
48076 55725 32926 5680 12284
31855 9433 41288 11418 19411
28088 7389 23882 13068 53852
36844 27651 24334 19294 45341
38474 40479 37521 38968 43664
9894 1322 38958 36264 35917
2568 18159 2552 63029 49777
22481 18525 4007 13978 17811
39812 54372 33925 40580 50178
31081 27047 11095 13383 22755
7333 28255 9792 65073 60388
27719 10476 5958 13437 12159
21444 3818 52850 570 25915
16903 56143 29630 3521 22494
40976 6540 412 24132 63288
49224 19999 51719 33075 29720
3349 48683 65042 44273 43386
6044 23945 25048 25268 63021
21876 7529 5480 39021 46478
30605 57830 6325 34668 30415
26352 2627 43420 1704 31500
32591 40197 29110 60270 23054
45510 62482 32793 48409 5911
42269 21392 14877 8667 4491
60351 8638 54297 41677 61114
33270 6860 27044 61845 63638
41666 15668 4987 63999 35578
16877 42174 43163 9269 63858
8219 19274 44429 6020 1788
17449 4603 46905 44281 33127
38696 42675 25346 11782 31594
1525 55031 59606 1090 2074
53608 5312 36367 23995 16908
31642 4217 5241 24603 50617
25451 10802 3211 10738 3813
48100 14273 19092 50368 21836
16798 769 24233 50981 24724
26666 50208 60748 18334 51543
45085 17929 29166 55455 52251
5160 20504 211 526 24795
19416 29488 13243 9105 29972
19488 60868 9812 13385 18051
47360 61248 6102 48787 49231
45589 12621 44646 7360 41093
26911 59584 41382 44557 9486
56567 22309 55650 23204 18571
22547 3415 26723 12524 20370
23463 53069 35082 6155 57210
37881 7620 28617 23414 40569
55253 10606 43437 25464 12375
64994 20645 56458 43815 56427
57067 49681 59995 7681 25668
53811 24722 1833 13487 12933
52693 45724 48196 57160 10327
39523 22913 57065 20860 58486
17492 61611 41848 38177 65060
36890 14117 36675 22277 43387
28734 38343 31685 49546 18375
45697 22669 1916 12311 23214
38909 26983 37475 52162 10343
57700 17893 27336 56891 52548
43431 49880 13051 50559 3707
37429 61406 20671 2004 43990
52393 37178 6461 41479 965
17576 39612 65249 55792 39842
4628 6456 28982 1899 18850
48142 17795 26234 54608 22417
55313 60312 20868 45264 59740
16575 43930 21539 36816 24192
42869 49453 3843 25698 44529
21652 12891 64252 30371 21827
43367 39058 51879 5088 5041
31196 36393 35688 32624 28820
19517 14415 28969 27841 21465
15376 45722 48587 18738 42637
35597 54664 37008 43306 14144
52571 27271 442 51742 7325
57270 53451 63844 56899 25634
30132 28910 21651 39119 54271
56892 1623 61715 36 34045
65089 37775 64317 28518 3012
63620 38596 7299 1358 42252
44333 58535 59387 28075 9813
36274 30340 23297 20375 54141
37804 17592 9864 26569 4025
56718 17837 44455 63419 15808
31398 18456 25103 20277 22984
19311 2913 62484 61585 64795
47556 23166 47874 28629 64407
675 423 31151 41134 737
6380 33171 51858 16555 56264
62237 1413 28188 18742 26377
44432 11369 16993 38928 33147
10062 22673 42898 56968 62558
23963 60608 38147 47147 22537
38981 32425 29546 16497 56379
8276 37965 53119 10902 18119
61732 21661 40446 15622 8413
36305 37472 40732 49828 15288
47860 42311 57635 1156 40214
42432 29907 11139 13299 42292
9981 29662 38511 64135 52457
22679 30088 64717 19965 40786
47988 60157 2496 64293 10886
49507 51945 39194 7135 28478
31514 34729 18881 64170 17295
43030 2312 7474 48373 2559
11125 43035 63748 60771 38392
30195 7226 28258 53200 30074
40950 34101 34158 14887 57548
52478 19204 58322 1998 4593
19818 63749 45633 56624 7462
4262 845 34837 49701 49624
28081 55371 11608 31342 2699
33224 4873 15815 27285 47670
7893 46542 13019 37107 57173
50806 3412 56754 6483 15949
43353 50308 35048 41420 64738
11089 54041 25279 54977 38570
63935 38757 17412 24565 42147
30651 24415 59994 36108 10531
26949 12342 45995 10045 14083
55395 39351 20350 26201 57148
34550 35871 13364 20285 36268
61426 63708 53319 38763 14402
53535 56015 36857 61740 55508
24580 22683 11172 27354 51023
29495 46176 48762 24267 5865
29877 20410 19981 30900 47702
25997 51515 7701 39586 42464
63893 38264 61943 41836 6694
456 1955 11317 36034 60823
57345 29466 11979 19240 10585
17963 41368 24552 20890 16269
17916 46056 60773 6333 14549
65150 33203 54720 33188 40761
27243 38554 6350 27997 26368
46885 23722 41050 56290 40378
48048 55523 40218 43142 53478
41032 27979 390 4662 35198
13845 49455 9657 54987 11034
41701 319 10114 50678 6272
45887 43395 54622 62211 6980
35968 21162 26496 31287 13008
19362 5676 22634 34362 44804
34017 18781 2135 18835 14089
50926 41770 59703 36718 44862
13325 51522 16501 11764 29427
65120 50034 439 41097 41730
2871 21398 7366 48036 49474
60669 63384 58590 23106 18399
8116 4527 61513 18258 36660
45714 36529 13769 14279 14511
14058 31644 16852 50578 57807
62125 40399 29976 6917 12086
64469 4399 19673 43654 29889
15203 46399 19573 20433 30976
18008 22088 23012 23288 36229
672 48337 44278 36186 31797
1538 52897 15523 40186 31835
64233 17389 53136 21171 36074
1863 51713 65109 5321 2218
42115 41740 16463 36701 1363
7012 12604 3613 16613 53117
33653 22784 60814 10111 1879
57248 44007 64269 41263 3619
51210 62231 21476 22486 61780
25018 61077 12686 33521 1242
32635 19030 37785 50027 57665
30257 11619 29925 60212 52980
42806 14703 55815 8479 46369
49664 53019 8161 62004 39424
42957 236 15276 3441 31425
37707 51818 43999 33914 8098
19691 40226 31884 2417 20585
16296 2215 5695 45998 19174
5374 32942 51140 45752 58940
2222 9448 18963 13873 41795
33233 39492 32330 24986 6264
33746 21008 42737 42944 4184
41802 1459 12974 24169 45234
55483 16935 26401 26955 33720
1547 13844 4851 18984 63286
43881 48947 44822 5955 44467
26549 32173 46818 16059 31717
51211 24402 2310 23385 1444
49149 51592 47632 58917 8837
13105 35678 28941 34827 12137
56084 32816 44224 59422 9479
37618 48293 63284 12390 10790
19706 18236 26477 40589 19096
12180 54971 12181 50445 18212
24093 34144 35804 63795 11081
54282 17360 50897 35809 18057
15581 42946 23729 24262 44824
4408 14329 45129 51493 13307
3303 52196 2381 18473 63553
1842 57797 17687 20012 42356
45815 30913 1079 14815 30645
2920 61901 35308 35177 28449
23052 30066 16729 50957 38325
38738 24199 40256 53360 49609
37538 30189 37160 18043 44683
5775 25753 35639 56611 59008
15174 65391 26260 43115 20166
5993 46070 8875 53694 1539
31963 39844 8636 34129 25011
167 62401 2247 47379 56705
15873 56408 39695 36773 27042
30696 58799 5484 54134 44690
13306 34744 27897 51114 19053
5998 33718 1386 46293 29655
28282 33302 55521 62610 15648
41444 39014 24819 58157 4579
43685 47938 57452 51695 4203
22404 59295 60943 44548 17207
46507 61147 61353 55536 58576
61260 43655 19932 63860 22847
34404 39681 23403 52300 41525
43465 30957 1329 51027 122
33048 16557 49123 34961 30266
25246 49348 38950 21676 45608
13190 13622 51668 16750 47044
17299 18580 32096 30626 42102
20274 5973 31498 59528 19954
30085 30267 40757 32147 16431
2261 14692 23044 30767 14819
8014 22266 25824 31211 50746
11570 12242 2421 5796 27299
30596 58768 24677 19966 65395
2506 23732 30256 33363 5724
16035 39361 48685 14956 65315
55040 47545 44416 53665 50527
61980 8525 18994 13056 42903
38391 35167 43284 20918 32775
7803 23128 18083 10844 45852
30404 37279 29227 36895 50878
2921 51116 64890 36635 24537
43588 14608 36490 47328 27617
11541 42276 1147 2025 37406
38156 8120 57059 1140 29661
5549 47187 5703 48028 22831
4822 41959 29018 50901 48672
47310 50370 19686 9470 10646
18636 24801 17813 24060 29582
3148 27890 19371 65363 4496
12889 2744 30770 16936 55133
57334 50419 30240 60871 52860
37699 40879 46422 62606 24037
38026 44509 59303 8820 23101
16236 47671 37865 53494 12780
56186 40139 63071 22313 47935
56 10447 57694 56233 26606
62116 5388 34940 40349 7799
17871 45190 35787 37132 15567
53547 22078 12457 17347 56243
21015 35344 33855 44360 2959
18087 64318 1375 2067 12824
6945 53103 51440 38901 25327
16189 1312 42760 10002 15779
7170 38186 13047 25819 65422
48831 13666 58406 20579 11279
34159 52609 36791 38846 13311
27423 37320 33180 9000 65438
64508 11409 5019 49941 13949
26017 11257 35009 44755 12484
25649 32470 26465 54326 58567
53555 53108 61596 38131 6387
22704 45350 58869 41054 52740
57304 13050 13483 11217 33596
50862 62946 4454 55181 63411
56603 42933 9206 21740 23202
3518 10176 45106 63240 27189
34641 23530 11486 2593 8224
35979 59649 5524 949 27707
11569 1867 32251 22408 21115
62948 49408 5129 59623 3781
58252 57464 45900 56883 23338
10425 2607 23675 4294 58872
19003 50811 28531 37922 27123
63280 60020 21678 23078 42818
45740 55212 9575 42213 40441
4035 31518 59103 28693 10096
10648 54762 46547 58538 26016
51947 59678 56331 63926 10955
7889 9089 18018 51648 49533
18475 22119 55529 59655 2733
11182 24559 14441 30436 18461
32664 29339 29742 55362 49576
22208 48641 45637 12035 31509
22765 61291 45526 41628 50262
17142 24140 832 7982 45192
31720 6882 62397 27647 64199
38284 1067 1000 27901 7602
44044 42907 49225 32854 28793
25453 33721 55870 49574 64364
12465 62465 23935 20511 47165
50204 61387 59664 10037 58164
24531 18222 46774 44072 27073
3084 35855 55734 50270 54242
23624 43880 52228 3484 43233
37017 52484 17696 35267 37687
2242 52486 59697 16364 45047
51172 57140 1682 20111 41561
22873 10922 44798 42782 12784
15967 58326 61232 9212 11001
54632 60496 30334 10797 31443
60374 48662 27172 4127 39486
29653 29324 36494 57417 29523
367 9723 47238 29990 25121
46767 56694 65135 62051 51443
43370 40661 10156 54268 61601
49757 58475 35204 30365 44077
61368 38286 13015 1667 56312
33165 16085 3537 23339 7408
12176 26772 12203 56796 12393
31748 6466 1300 40425 33835
17616 56430 33146 11277 28172
20089 16308 17934 20142 51640
43463 11091 60705 37737 28412
22094 40873 56479 44993 64868
964 6562 36302 51315 51650
29307 63614 41436 56750 7668
48830 13488 688 1351 29130
38854 43453 27323 19710 3663
31073 53960 43733 44786 10227
39255 46193 53765 15515 20849
2523 62290 55252 63505 38184
19852 15350 49423 39622 21157
17417 10356 6534 16157 34326
43331 49946 39566 54379 56775
48449 52545 31332 25240 59962
13075 2566 50171 21920 61019
16802 29442 26936 56916 54906
6019 41999 40235 5880 28898
27386 49603 21216 33366 9263
53428 33570 10970 48815 16381
23285 24729 1396 62459 63483
34881 46498 28012 60569 29737
43585 43900 58178 465 33834
12429 51219 47065 9706 27641
13795 57941 20336 50972 65029
47647 25950 47992 15374 43234
56747 10028 50432 21294 63412
55808 63220 6120 6471 677
27450 64920 41246 63917 11310
20034 26219 9345 32628 31301
2069 30942 31665 64505 39510
28691 23723 43706 40498 12022
530 65332 31126 65220 2969
26238 32565 10865 64282 63455
34643 44362 29146 12060 17987
58696 11400 49968 21014 4418
6478 26707 34844 4886 48243
34579 25180 19339 4047 46570
58200 64414 47033 31233 22713
22706 48746 8911 49061 15456
34025 61960 43019 65460 9659
26891 54996 58838 47881 45543
23740 55722 39294 39985 39293
7040 30719 8418 44189 53441
42247 44765 12259 15194 14243
44054 17265 4697 41015 31805
50360 25002 1983 26828 6571
15301 19342 64511 41241 22899
17463 28468 23819 34839 20245
51741 31626 37499 51348 24120
8934 39457 22295 27437 62105
19414 8616 8484 64588 2398
41010 15773 9973 38064 3564
31462 23436 4766 52599 112
7768 16692 52471 45402 28121
57490 28328 15436 19550 40048
26461 9016 14642 30002 17960
56232 44334 63556 22687 10337
53286 57536 12230 21064 19880
51639 42600 13798 37084 65283
58445 15059 59344 30499 217
7346 36642 58543 12218 37441
54250 43702 43496 809 7843
14910 31250 11951 10885 62942
24346 62374 742 15205 48984
12773 3555 13526 56016 33895
50373 51663 863 58360 32901
22540 42551 41372 38068 41635
36316 16214 46610 46476 5555
30096 58609 53635 42448 60624
18739 32776 15549 27918 30930
35697 36916 23485 29477 25277
38987 65047 63182 52933 16113
15218 17758 29981 62226 44497
59467 46064 34012 1795 19269
9623 48818 23186 1875 50658
50067 4960 45829 22092 18916
2068 1216 12102 62973 4661
13661 4881 49389 51811 45245
52919 39092 65493 7081 15244
61638 25472 34525 49771 5881
60450 58782 36511 51139 58452
5686 28217 52847 34068 58063
35061 10387 41071 54809 9591
29829 23466 25373 63502 1057
51362 44084 20254 61122 2541
4058 38252 16969 45436 20841
33798 39304 33692 5038 45469
64211 9495 47442 16373 1994
35278 60357 28593 40999 36655
30272 4872 50064 40369 30530
53209 32906 63167 17459 65383
23068 7326 50538 37212 43822
47662 48354 49783 4449 3287
44597 43677 39513 62917 36118
9020 37009 57196 60232 13228
6002 40351 26931 9119 51349
2926 61528 62490 24663 25707
1198 55502 17387 28568 20595
44601 27193 54561 5982 32143
32785 37331 29493 39055 39550
14706 25747 57810 47600 61093
8450 53158 11501 48059 5243
10565 62945 60137 27301 60829
26193 22698 25589 63657 8283
63856 34802 48436 60557 17794
32613 1701 34171 57511 1224
4676 25507 51085 9681 63374
14578 62642 63320 64744 63378
46837 38146 54866 63965 34735
59746 12980 52880 2104 7674
64001 27653 41475 12525 42510
21430 3911 24240 60068 33461
34590 19119 40138 62275 58120
61972 40342 35983 39258 49605
36734 60853 27442 4590 6227
52482 8611 55201 54428 8442
28705 11557 9916 42248 34167
39756 21139 16065 13743 17202
34406 50456 30550 43088 59842
49056 63221 54187 35509 9310
40804 13386 61382 39331 50674
21751 42026 25260 40088 22264
13440 62843 48435 23942 45392
63974 64247 57655 42647 52688
21513 62101 44443 22460 17456
23520 51604 59841 17509 48043
5372 13107 22761 9560 23397
31409 61283 57723 38280 29433
45458 30676 32452 10117 47421
35763 54126 25706 14223 4248
8912 51740 40480 19834 11796
30311 55014 13672 31369 40002
55473 59858 32466 28292 24076
23447 13583 24398 19609 52143
65133 23653 25135 56947 35591
31605 38082 50660 56137 50131
27105 46282 60215 21176 19656
42718 28058 32314 14381 42164
5311 65037 40520 26331 60728
19757 16111 8777 6801 27944
41256 22964 60935 6784 33776
64232 54892 8970 48420 59617
2233 57853 3114 23391 42142
19893 53447 873 19286 26131
50437 27594 42347 62443 20961
45110 27115 37288 45448 9571
7357 57427 58103 39033 37142
35931 52587 38702 33166 56697
3686 13104 52087 48592 38611
58125 346 37488 17765 17567
35777 64743 63579 43978 3711
34520 54164 25542 51367 28200
31844 22979 56459 34207 41845
36414 44540 53968 11041 20801
21290 13139 54486 14060 27880
33915 51148 13600 57010 60581
53819 2275 56050 60635 8198
6065 41662 11195 42920 41011
6691 27229 62217 18116 45169
13994 58087 41132 29021 48075
31069 10719 8534 14340 31325
33113 2647 47460 22819 29613
9923 61437 15919 52560 26302
62354 42041 16636 10166 38955
60682 58610 37721 40178 15121
28426 28716 35843 36563 46918
3976 53472 47725 31004 29618
3876 28993 10557 56700 251
36475 50923 48849 195 35757
24375 59359 30137 3169 9156
14693 47313 30055 31232 50594
12201 33031 11454 38631 23255
3173 56425 26323 46752 52618
47684 1434 58895 39355 42501
8768 15078 40300 39104 25092
48417 57727 30860 758 1777
40356 10815 22172 31257 22350
37102 48499 24298 11701 19582
28333 39926 9512 20615 40219
61454 35205 4534 21031 41566
55513 40828 36389 49843 54988
50569 12942 57310 7141 46299
88 21968 33837 35936 51209
51953 59353 50023 53448 18156
24602 2413 20518 13316 52321
46947 54661 52261 18098 9081
55106 60836 13957 36525 7923
5381 15037 4049 20337 19513
30076 27024 43790 23112 55987
4434 57447 42786 42499 23151
46248 6114 39191 34594 45284
37203 2587 56070 61168 34512
37115 62950 59806 52309 29242
40721 16514 3972 53596 42515
29483 17479 38529 24320 64959
51181 42560 49633 30446 29881
51312 39083 38572 2714 45603
27031 11932 8168 41416 64064
37263 57550 59402 33291 20272
62801 10974 12520 4504 24535
28163 37507 20237 14953 44305
19669 37824 39930 63389 30558
51265 54096 35870 32903 58256
28610 48098 3004 15625 56395
51087 63524 22889 55357 2441
14688 36035 13344 35630 26162
27205 34763 59889 154 59123
12601 60801 18259 31172 7298
21481 3439 58118 19058 52759
62003 23070 37151 65147 31800
6777 38785 56235 49717 40634
50577 41400 61299 12523 11265
28532 14063 11627 16571 55332
11719 65050 63244 37524 23730
28817 28956 25482 13749 12387
55465 9236 7017 52822 47031
15320 13102 3667 63134 37039
42371 49686 64421 43533 60462
45127 12451 5765 19121 28881
20685 47965 65289 47112 2581
33701 54963 19001 18097 32695
21622 179 17088 4001 21507
19382 22152 9533 11374 20088
15969 12847 36421 46263 11538
20484 10828 11188 6017 25484
17016 44932 59095 39002 6221
54888 64243 4560 14721 31521
50512 39358 7284 61610 26365
49461 3582 11956 62442 19107
32238 10098 52201 29978 43201
6032 38228 17826 27008 6382
26127 46043 37834 897 32838
9203 20424 6979 12821 38379
20605 7739 38321 64517 42272
57528 9491 46543 36856 24094
32246 48775 5856 20093 31051
10431 8904 34195 29693 63821
36457 7460 28248 25857 21829
53607 65097 54272 11550 7151
1570 9434 5247 61538 62680
33962 58018 25763 43405 49721
20482 28888 57561 64024 32107
58418 46588 21040 37460 59482
58911 36159 55048 62775 52793
56089 38527 2183 28293 1578
33823 54353 4724 12158 37964
65523 16635 48352 10637 36949
3970 42644 62330 2998 46414
33445 24853 46492 29279 30743
35595 58098 7670 45797 65025
22574 45465 57150 26744 14648
50092 23721 17881 25130 39441
62177 11643 43219 65508 47193
16866 38874 44863 55667 23435
46903 61360 63428 52724 61963
28 16328 44831 4419 20798
30108 26155 41051 50784 64054
25977 61598 35528 36852 4671
17845 24915 22855 40595 25840
25275 33532 2430 56472 64350
9555 28303 34476 14267 23445
19444 15828 7762 6651 20896
34033 5294 47777 40826 59809
383 39136 57947 51548 37372
17462 45556 17919 63517 20373
3846 28285 1360 45164 42412
20578 46017 34655 22162 51540
32376 3302 56431 36626 48161
35303 53059 10010 41215 5799
28714 55607 40193 19270 32176
8923 11535 12648 24831 44566
63210 35286 23419 19590 26614
37002 28103 6096 15432 15631
15474 48398 6861 38667 39181
9241 52216 31603 28070 61565
31116 28343 21083 8064 9124
61446 33259 62563 3503 39030
16122 55356 26833 61491 15614
32194 29217 13420 16821 19094
21566 14276 31846 46396 22416
4831 63958 47101 52516 10846
972 57921 339 7205 50130
18779 7835 13886 13677 62247
29966 30882 19658 9817 14802
8013 56466 27785 40106 22530
37826 4796 32186 47301 11564
61826 28463 23319 37481 2235
19795 47492 30393 26137 20855
47083 37030 65312 27122 9641
52949 17859 20616 61603 28144
335 52073 34418 35620 2345
23469 10051 33198 22474 47214
40605 58623 2264 47786 11601
63705 36829 61295 48771 64073
58846 25356 5040 35233 11357
1160 62640 49927 23105 29161
10340 49713 17900 5427 41646
23470 2188 22721 35253 6871
30100 46797 38257 21208 43417
32706 46279 23136 33666 19829
44940 31023 23924 58454 49608
21769 53617 23602 45300 13611
42838 39216 46294 44929 47840
39073 51423 65385 5972 26356
45364 54078 51779 55160 27427
52195 11540 37661 12415 41003
14806 11002 21794 63801 52877
898 2528 53599 26086 51389
62163 13966 57440 39096 22067
65348 10853 16897 53311 54981
39421 59476 12673 58573 24045
27302 46932 24849 43137 45228
33125 13356 64608 46006 4976
56306 22777 39017 1415 49475
24547 19455 50393 52155 11649
47918 62377 20279 42468 11350
28323 4386 61245 10398 31590
7413 31681 44206 31974 33312
14743 14430 29277 56626 29766
8483 48726 5510 19324 30210
57980 41507 57772 26021 25329
36683 50671 20175 40725 49560
11292 40906 42435 23512 47093
17452 1466 25605 11978 65527
5103 35719 45172 57476 26728
46210 61668 27050 52944 54332
10517 31788 19290 52648 12733
41260 16053 19389 34990 1172
21371 35964 21482 52089 31096
60370 7770 3401 6696 21085
46050 26406 28269 64474 13965
36653 56982 63197 25962 7423
17539 37388 24688 41262 40551
23710 16588 10819 18184 39226
20599 63636 17014 60534 27330
21770 25391 30603 23455 28304
27710 44637 9255 51050 34261
28308 26112 46000 2272 2119
33785 12274 11833 48938 23827
10362 26114 54085 60657 33326
37645 13950 57967 59800 40206
12214 61866 59187 45235 47477
58068 22624 40747 764 20940
7277 43133 60430 47952 58449
52461 667 2334 60422 61687
20586 43493 44282 53411 49469
20929 46833 50329 51963 62289
5798 16655 21405 56939 57425
15604 19067 39474 62941 12535
15788 48481 60226 2283 39790
30808 48609 37650 34014 62238
64481 34983 807 42874 6230
52926 14546 55537 18056 1077
4618 51971 31931 23433 10677
42625 1563 30480 28064 22401
15819 28618 54269 52510 59917
11676 36025 55402 8556 56342
6988 61897 60742 58640 50675
36754 13756 11190 33703 27609
12555 3951 45762 26909 51795
51168 26529 36710 43554 4328
1834 47979 36208 3933 7234
11491 55412 59893 32791 23816
17937 6820 6318 12402 16665
14580 62471 29074 13470 18799
62720 54364 16638 20746 11053
15183 41325 48253 57259 23891
32475 51318 45905 26806 41239
23923 1590 48675 46625 25638
27545 24646 52515 1388 51915
6328 13729 1891 58719 25859
58471 24259 11264 32640 7415
36783 62966 23401 51861 43337
11679 57750 34338 40591 33268
43814 5118 47771 35608 30953
21935 55758 20652 28347 44818
9510 31525 27837 54896 1557
55918 53966 4642 7816 46069
15998 13355 50305 55446 17528
39852 20564 10888 26243 14838
33205 51946 14805 63830 25496
37800 56150 11524 32532 62817
51385 61760 44472 28267 54011
20659 57105 48024 58992 16929
3506 48825 39673 30895 57377
19746 42623 46920 13552 43571
61814 43731 10146 51710 42595
50890 835 4689 26673 40946
43944 20283 46864 34711 54265
36214 40874 21616 44558 40735
27973 41039 33354 24213 63892
3164 26919 9189 6652 30316
17862 4028 2972 29317 25069
2178 43220 16320 35716 56124
62968 40750 16599 60663 12391
47483 25085 61967 35122 44803
23175 13855 60878 11045 48334
46812 7475 64794 19753 11759
24449 58659 27721 49159 11745
48761 44395 10831 15372 48828
45103 63536 63883 61720 7041
5862 3634 14331 60926 64661
28096 53648 45920 52806 62393
26866 36026 13216 49685 36192
8979 26732 19933 1418 36263
15389 53733 26954 34165 38049
18082 2842 62263 34678 5855
46828 40515 33717 19093 698
61422 9005 27496 59571 23702
4342 36407 11822 43531 47527
29779 29751 57892 24642 2520
27568 34782 47844 38039 47300
49599 57948 7955 34952 65292
58584 17842 11035 22479 20694
26334 43450 51801 49933 58980
33902 39797 6213 63910 62692
44151 21506 40989 61735 13428
57465 26618 45117 87 727
8892 18154 46677 50670 2097
34531 5308 63677 24400 42378
6902 58839 44727 34188 21549
26523 29554 18690 60377 52748
11358 12226 49340 60700 12165
43660 29947 55226 41916 22934
1296 32122 7831 35901 57454
47183 64649 11076 4548 52791
11692 30253 48969 42557 36028
63979 46238 56875 43870 18441
28325 57176 42796 40621 52473
5237 4341 5885 16288 604
4533 28935 1262 11145 42666
44946 38130 38361 51044 2485
46079 34135 49534 17781 30971
23588 63604 17420 15198 16744
35966 28125 58443 7987 45070
33124 8292 50195 1103 10924
45514 22633 49329 7377 7363
42616 25035 34665 41345 46865
26350 18460 11826 52022 15849
54752 5275 11341 32388 17402
61703 44119 11080 12379 5208
26902 49350 29560 25055 39706
62567 14019 16371 48223 22842
14420 23931 55684 57418 24852
46031 54465 54060 64987 28605
58833 40878 6399 27601 60937
785 13349 46852 43 30303
8882 24591 15135 56380 13290
42307 54797 37210 56450 57344
38995 40516 5117 41437 25156
49232 22163 20625 25794 23159
8764 56736 46230 64680 36620
51733 54715 64367 30207 52658
39374 42138 50442 44346 53410
62560 39623 61522 41425 54223
47242 53796 36717 9667 15870
9375 8042 42266 11757 10058
64533 26958 57516 33157 27668
43875 607 8401 61969 2386
10031 51769 25939 245 8431
59638 50397 63109 12385 40513
53505 5352 60516 48554 42756
37745 53655 18998 26980 6458
42511 39636 45545 12760 186
49509 49673 64255 32144 32387
45204 56167 40031 408 14464
40154 17851 44759 24518 18419
27000 43552 43170 47729 53537
49518 25883 16339 48325 65306
48465 10616 12323 19387 28577
49652 62841 45932 27418 11088
3245 23516 51130 41962 18888
426 14968 25229 47672 59752
28150 42530 33204 56733 9672
15585 39157 34348 63312 53580
62854 51373 38894 39664 14351
26374 3749 20311 45212 1026
42638 45406 41055 21910 31803
57036 17707 44656 47054 20228
11537 37394 56265 55378 56075
39193 60389 31340 19947 64602
4478 35632 39974 29757 61653
26139 25781 8693 2407 46346
52610 61694 52888 65191 26466
23118 59153 52425 36217 62014
24323 17890 48496 63379 24532
7016 24293 10445 41697 50478
4289 43384 35360 38319 46969
26115 8627 6008 63532 29361
483 20396 27247 34599 49724
27424 14519 32119 32009 7217
24757 1289 58441 38957 26555
41920 26214 5172 7555 60139
39788 18592 28882 45909 57577
21006 58726 47909 12329 17319
56340 21657 27351 22701 29830
24719 22718 1472 35077 10218
73 38031 46353 3558 58510
50024 60405 10042 45726 64667
20240 30089 35069 29758 14221
37528 43690 11430 63639 6732
34874 21923 64123 29337 51409
7622 48112 9018 45466 2502
42914 62553 34446 52409 57081
35403 45477 36324 13571 18900
62686 64796 29603 20505 54466
23811 19624 21697 17177 44905
51704 26763 54081 7323 46236
64805 38262 48053 42344 44320
8576 43168 37344 47248 33822
29274 17631 18263 44265 1882
61755 40685 42502 51785 34042
12024 1340 23316 13454 8472
23309 49030 58165 13501 2605
22652 25468 13365 61438 31436
43230 11683 9405 53328 50568
29534 6292 18072 7187 52617
29672 7494 51669 9061 62178
5513 55180 43291 14610 41492
10643 20552 13730 11849 43182
22696 32567 34725 13053 7781
5956 35738 6785 14186 15186
1238 18048 11793 12966 58500
30130 18437 31012 19553 31588
18312 6639 28344 51471 49071
54249 33251 43051 51899 18290
21168 12108 20955 55821 49439
34036 17471 21744 52357 41709
53662 46266 33272 17713 24373
61136 32460 28762 49165 50517
61682 13922 8587 17563 19125
46521 60666 54955 14969 15532
25143 13777 23495 33763 34256
8162 42720 19122 52375 53345
2817 10022 4023 34657 27750
31734 15464 49308 9090 4937
63348 46984 4698 44590 59976
743 56346 11467 36296 64365
15940 57133 18321 46409 26929
21664 16242 24117 369 48385
36749 50914 7687 61266 49511
42293 46644 35366 35468 27035
29305 38741 40319 63625 49931
11652 34360 59506 13765 15635
10115 5892 4688 35400 49699
43547 12357 3495 22268 17912
32276 9445 38467 59122 22930
33951 60206 44864 53838 65071
47256 48047 21696 53803 42058
26015 50263 35743 14247 6829
3615 22057 59372 17594 51327
13301 19258 17126 6922 39617
48273 8574 38244 29642 27597
35709 64127 10305 35519 57699
23259 13632 46815 22575 29974
36453 30104 10662 16504 65179
62741 57593 16649 29295 25878
46798 53549 51758 10872 61905
49491 42042 39320 7477 26379
17531 35173 56722 55291 20538
51374 33228 28974 28634 44097
52314 20047 57598 52639 51232
6265 25580 26883 15682 22596
57231 7437 24750 16283 61091
44462 52053 14831 30124 36994
41547 64916 41939 48714 24297
20196 7804 1051 61320 56197
14570 64401 38522 48983 64694
46609 56559 12002 28592 43494
33931 10973 24175 42192 41588
22100 16014 12517 37639 58581
37485 20133 31215 5864 55867
48692 35123 14920 34086 56195
27923 22053 33364 14807 50228
40288 18317 6307 50472 39419
39933 34759 28340 36356 11499
28994 27708 31256 6548 11774
12774 41793 18798 63242 21895
51586 61354 9782 33054 28557
57611 21128 32963 13407 35905
33594 6725 18692 16394 36677
8400 54226 20474 54499 8063
5919 21149 59900 58153 60987
27732 22348 23685 25863 40238
30864 11518 64201 49755 54019
20717 5236 12455 39535 40150
23383 30467 27274 25089 35506
32377 34689 53154 51342 64856
32542 59741 62452 5983 26777
30012 14663 37236 39050 8425
14301 33941 12400 62927 32385
12759 37425 1574 62252 25270
31472 30038 51216 54074 4304
3799 21156 40872 23049 48310
5124 15022 63239 9364 46094
13362 30997 7352 28661 47025
1778 30033 41047 61752 49643
65317 33494 43357 15539 8645
38181 37403 13308 52490 53120
20080 22050 9725 39819 12183
21928 22914 28334 46900 12161
52397 19988 16267 10281 13695
26604 51149 61376 2374 2367
51718 64015 21771 34647 35459
19483 12105 24250 63836 28645
6954 45017 56608 14976 12983
24366 52752 27444 47091 6268
34798 63846 27160 11917 50363
35811 20475 48751 33346 42619
5687 21196 64045 7995 2377
14987 63154 53400 11480 566
20395 9046 32891 5950 23896
54815 53833 45440 7994 35148
6260 14924 3094 53832 7704
15425 62200 15485 8828 21137
44270 60858 29539 55103 61968
23164 12734 54109 45768 65116
9840 32991 32193 8940 34511
60329 33357 17274 43480 54152
37101 57265 5095 4104 11233
35725 53891 12540 34834 1269
17022 33939 46004 34024 9653
64760 12050 49115 43231 61074
10798 45219 21713 19598 5282
63804 29298 29006 18179 61712
36332 1354 31753 42542 47557
57154 64812 3699 35245 57822
12962 3285 45609 9542 64056
56660 31771 12645 16770 4373
45229 21956 55982 5417 2282
14406 5995 8677 31209 28698
16187 6304 4214 16938 64089
36085 16689 64178 55148 24954
36315 48980 48397 30284 26370
51957 41830 27116 5546 14147
3604 36480 49215 48697 16038
35545 64208 57688 32226 61710
30159 4874 17191 62357 59615
60665 42705 17917 14729 15216
9192 17653 14112 45933 31053
33368 31262 23263 23641 24798
40923 834 30574 19328 44635
45782 44757 25394 12705 37199
9904 48552 17373 49237 38109
2719 34493 22169 60561 27842
64699 45232 40802 33510 25303
47953 9857 2098 22894 46003
14685 1687 5964 56508 55913
6351 28465 37702 50341 10442
31536 32962 65055 57581 13569
26659 10702 3982 34018 11052
33293 19868 2507 28662 24128
58574 48503 46256 36632 6459
38643 52935 25619 9453 12139
1681 54063 57281 55225 55100
3282 28829 55929 15569 28619
11382 6420 38290 6339 38369
53047 45022 36984 30683 48498
45977 18612 45950 10262 54805
19272 53920 21335 57 34315
3080 3841 35572 44751 9616
46206 24061 56969 59076 11075
46341 50698 53211 42727 28353
50506 63311 41674 42767 554
38452 19031 39454 61372 7338
2829 29010 4016 6127 23286
5925 9019 1972 5365 32808
63942 35035 17548 8725 31912
24074 33755 5154 36730 40718
30822 31766 14994 20073 50044
12141 49199 28621 52731 36162
17690 4773 34116 43945 62818
25737 39131 64182 9403 13286
52468 7912 50441 40194 38745
21098 21119 8531 54438 24643
53840 25870 60660 54232 32488
31356 22258 11235 57124 24676
52600 38975 64096 54980 50891
28798 54277 56846 7859 53314
18987 61252 17297 36325 40248
38122 12588 29665 17171 15850
35515 28514 47861 17317 8239
44992 5544 45357 48634 495
63046 26730 4828 17129 63413
44628 36596 1452 63420 57443
23224 21691 32279 19716 51760
41608 55303 42598 47558 45569
52918 23230 25242 4154 22756
30277 58373 44092 4281 59532
17194 729 3092 50540 1204
14044 22356 12578 13250 30617
39900 54028 41973 33513 60498
34458 28850 5173 24721 8291
12133 34935 20942 47334 34089
311 23747 21993 44693 55124
42314 23767 42725 20344 24052
57116 11832 34811 57415 54556
59315 28367 9638 61655 9677
29858 33280 22304 259 41067
44919 1640 34124 63315 16174
31692 57654 12574 21096 34559
60260 11653 45003 28889 34387
1157 60305 50391 45944 80
3630 2373 9072 65403 33463
8896 51690 27016 21478 20985
7605 16604 5339 50589 39379
37641 61765 39920 30086 496
33216 14481 25639 26412 62430
15872 17446 16519 25384 30466
43155 53613 35816 61229 13664
36021 22840 3218 39371 10298
4391 23852 41529 1612 16799
1918 42794 62831 49262 14183
56868 60144 1838 37477 53386
31527 39244 28434 34861 44221
29776 62501 7973 23707 29109
61570 37688 30472 47318 2589
43214 7223 29933 18642 60736
62846 25653 47615 21737 38182
38528 21689 43271 11579 22550
50755 64871 9280 12935 35536
47471 53688 2043 52874 30538
19182 9463 6602 45102 32629
6165 43419 49359 41001 38597
35137 34344 20971 47090 30295
41579 16844 42861 28181 36804
45858 18794 24683 20649 26259
42112 3427 49129 52686 15036
51391 13904 29036 4978 21819
2950 17587 25623 1449 14567
57859 57553 23828 18714 33869
16130 29430 63232 54880 4126
7780 24395 29439 24890 54946
11156 7020 38878 932 5933
37114 38222 9587 13189 7886
36112 6344 46179 6978 23251
38457 41133 605 20486 56095
37985 20180 64039 4145 30045
57514 16752 40850 1485 42890
25462 40161 52521 55406 5090
31021 20550 9182 22137 65123
59648 64010 541 1536 33908
29368 29445 33535 51079 29959
28943 61870 2691 62779 45534
43211 33627 19776 307 35005
46515 13862 23709 50586 4142
27343 52561 35789 4070 48165
22468 28023 29745 45980 8748
37130 65183 45842 32044 46582
56843 34416 24569 8859 30566
25288 547 55449 34792 5843
59843 31154 10151 1592 64707
37029 23415 2979 27498 42778
49748 12276 28122 17018 34892
60688 15242 63203 46902 18319
11000 39337 62189 41625 56648
4791 29677 16940 53983 11446
52917 20785 33505 5255 19329
59443 43301 33056 54325 33523
16826 36304 264 9761 57087
1183 44841 37883 52296 9531
25024 57906 51529 32967 15941
55089 7596 31632 40545 51994
1272 50042 2099 2584 62214
42336 32183 23324 30097 13117
32758 47368 2848 12731 12716
34232 17496 51303 54966 40795
8387 42318 20675 58124 37464
64194 52817 12171 53841 51360
52366 20823 11390 12771 60575
51285 15577 20369 19143 25835
16658 54407 62962 395 733
20292 2764 28166 61908 40911
4403 11471 61708 33192 42220
56980 46840 27377 62929 2040
16046 30528 52574 10295 25470
43141 37012 37491 6290 54954
55571 27481 36761 39470 15903
32127 19569 23272 22140 50017
42183 50139 53368 48479 48033
44081 17719 26393 57002 31813
8485 2143 10862 3188 4147
62859 48991 56858 16923 29218
48519 55552 28506 36248 4063
39397 53264 56829 63711 49472
16693 17751 45418 37859 12381
19335 33431 17287 65016 8731
54645 46583 906 9854 21458
12950 44259 30503 34548 3915
7224 17019 32495 5459 54781
40244 29093 47927 47119 60618
63377 21000 23522 33038 57664
3158 36476 46408 63688 11907
21894 16263 51011 40762 6137
24137 23222 9474 49193 20131
21099 18899 14356 31005 22014
62364 64907 25965 2781 58209
53504 46185 30514 55215 7436
58730 36096 56372 35648 28742
30612 8687 19724 23920 50253
11443 41665 40304 45373 43285
74 11143 20536 35027 4885
26847 5305 43669 15868 49099
14502 38289 54639 6552 46658
20674 63129 59261 32051 33150
28048 28991 23601 23407 21551
16818 32034 31948 57649 38179
37167 6929 37328 5848 44034
62745 55119 33631 17377 50125
62615 60395 40922 43388 30070
64777 48544 47316 57597 51155
25169 53628 48309 24301 61380
50716 50938 58885 18913 42122
58589 63597 30122 18706 41913
61642 8499 50989 17013 18255
36383 40936 16561 61750 58792
56780 54092 64824 57025 6463
14730 17038 32196 51204 24015
34271 42263 38823 33488 56126
15280 25815 10623 33525 65447
59291 48012 57019 61187 23393
46274 11543 14376 62825 53018
47832 4559 43701 20570 55270
64081 26235 59647 44898 56818
24173 65099 8055 42844 20884
65063 22646 57412 16525 31037
55863 28961 56870 31323 25532
42546 32243 49860 6207 32501
46551 49403 37727 8557 57827
20149 63666 27875 7819 34872
19844 23499 58892 41355 44945
39824 49914 11328 6410 37385
8017 37266 61832 16302 21325
57110 46499 40973 65300 2205
47661 56712 30837 30952 19665
60182 25505 32019 62316 10754
37810 62485 10647 10373 40305
9740 47202 3329 53931 5968
11711 30807 63422 38618 6957
11207 15805 23235 29616 22129
18532 43400 64709 19235 57493
18411 12657 22442 38799 13174
40283 1209 64651 55641 29822
8005 1839 58041 7822 24906
50554 54404 42284 7375 16464
45259 58028 20721 26997 54434
24335 30803 56128 532 36234
39160 29386 680 31555 53570
12149 52953 38956 60154 54729
13373 56462 43831 46209 31120
44533 24384 16761 38700 21396
54377 40635 61600 32317 37486
7798 14417 24019 36716 9729
34598 47291 34502 19908 13938
64673 49236 58396 65117 48003
52928 19703 53067 14681 23640
8555 55190 27582 27068 61742
1128 706 63861 51474 31281
56979 9366 30006 56135 56285
26788 64963 37689 50210 27127
64358 34381 48575 32810 64415
42154 42679 64677 14934 12250
41617 55973 13275 21898 1129
15698 2102 13684 47980 21918
772 41828 17461 57037 7289
10785 8797 6077 41909 1741
32805 43782 59603 18812 65479
20863 41777 3854 63518 22342
49744 53702 34028 17363 15989
41667 65172 41631 52649 58532
47507 5754 2053 29280 49962
25340 46054 24198 39003 43576
36645 26020 29246 60918 47159
4302 52570 2269 61959 26545
27356 15484 23672 55942 25903
38073 28951 46333 4566 16502
47752 28542 36013 31208 505
63006 32408 52403 59635 7292
23800 14892 62575 53265 21630
9104 47634 12492 1537 39806
35405 3778 64567 10302 24126
54439 35820 48704 16406 30274
33989 37261 65482 53572 33443
23182 18203 5723 33010 42393
60125 52472 18061 23991 22480
54398 22283 15014 41255 21672
2818 13358 18019 52371 8965
33673 15888 48066 41180 27805
1165 23427 27858 49929 30004
32259 37041 54153 27887 13187
56436 41327 29666 30010 44113
12506 61285 31541 57420 62650
22938 43154 49943 57230 3090
61506 46381 55647 24551 3015
5512 49485 753 16261 38159
45671 24111 20465 10821 42437
3133 40123 60004 11898 3049
56739 55908 15176 34780 39963
64218 57072 23836 48723 27504
38409 22670 52408 48303 43110
61781 56989 15380 13545 62691
27495 58054 22247 65359 65136
60202 32931 9492 46637 60524
42114 4056 45903 2075 40817
48715 40914 52813 2537 57527
33852 17865 31834 60714 53858
846 47191 23036 7984 19059
35713 17242 60927 23857 13587
63248 16220 54787 31760 13474
41362 3499 22410 63632 57504
30517 26928 62287 30498 45643
58208 6695 28393 38574 15221
62933 6518 60896 1212 31212
19863 3421 64799 57508 13293
32180 44855 43328 59728 268
43140 54143 38862 343 50555
40125 37512 15596 39413 35573
61788 59803 35995 45329 24783
31818 22323 62347 36378 58085
35731 15046 63193 31457 35040
21394 53409 1509 1750 12742
37782 24142 6976 14461 15912
19218 65228 35181 37888 41447
65214 52214 30570 64478 33827
15520 11492 56789 46923 9671
50764 38556 45461 25182 22620
25263 52396 30213 45115 48875
47521 15925 10452 15168 39375
13374 9110 9027 48501 10496
16447 23351 15886 42940 22923
48358 52647 29994 31718 26151
31477 20186 11554 40680 29771
4620 10408 17560 15072 19466
63016 35322 39740 7129 56256
44576 47982 1852 26655 33176
4613 24058 42414 57981 17814
59908 19790 4334 61640 3695
33039 30279 53295 51995 54741
24670 30901 23558 52750 11905
37953 26702 11102 6038 16573
34092 30386 15243 17654 16413
39559 58265 57046 15353 59486
7150 3891 40499 54072 10907
56396 55686 39691 57497 36455
10514 17152 64936 50932 64227
42913 22279 32451 14945 57982
47145 7726 21245 50548 10931
30616 59417 13232 11671 55287
43948 56239 65463 2813 39468
47386 791 8343 44306 33028
53416 34223 38934 39602 5914
16444 46081 47423 36084 37675
8141 37191 57269 42935 48108
17513 20090 22651 48591 42975
41351 49136 61530 26169 40729
48399 23160 7931 53769 48580
26973 18409 46085 42024 1617
15583 39443 28239 9696 44519
20473 46172 64046 23688 7676
6576 48169 61095 6235 14918
38449 48452 60302 16351 108
485 60965 29574 36434 27146
43622 15528 31159 64728 40417
48978 17405 10996 14423 50624
45962 39769 50257 18091 4643
41186 12561 33132 28828 37159
62803 54336 44019 51415 15979
36795 5 8071 41575 34808
3205 36581 39411 38960 35395
36107 51096 61524 38848 6214
11280 4878 18408 40610 40299
22400 34252 52131 2918 8847
54252 44059 3447 14378 51625
40156 25618 54696 32656 7303
8858 22227 45243 34800 65293
44748 31727 29941 44300 4749
31597 42829 13838 12747 36817
7535 63257 32938 21598 9195
10217 16088 7906 9211 4884
64433 11603 29294 34478 64149
25891 48467 1840 11051 47962
17474 62179 39690 44152 49767
14290 48378 62908 2718 3044
32786 48089 63080 60583 52175
36838 30146 16019 46115 30059
20044 58158 12177 49338 36802
2155 38777 20804 25948 12294
46871 35662 47303 12370 42526
25562 60034 12805 30768 43433
15119 46807 12791 14650 27857
34490 60824 61692 39849 60568
40010 46567 51997 46158 37564
31095 43381 16569 25412 44126
35427 58783 58910 58315 63811
54166 52254 3529 4453 55049
12337 56442 36975 57302 284
39190 4750 58066 5092 12775
45040 5250 15531 42044 35098
18192 56139 43146 38476 57787
10014 15237 26759 60674 28307
21759 44188 9120 38865 5545
15365 9244 14722 58662 10969
62986 27974 55360 12928 20800
62893 39246 13247 65233 50720
24937 11880 44781 61389 45055
48982 41993 30136 63328 32245
25599 61656 10704 17716 5742
26736 18275 10634 19432 24561
44691 1666 19792 14666 29710
30703 20246 9325 50267 22045
49341 4301 9421 25232 28847
19008 40633 31843 48162 12644
36591 64409 35211 34554 54237
4616 53440 36884 10072 43682
49436 23155 44616 2213 63732
11726 13705 56822 3814 49782
60637 22910 29853 5600 53742
33516 59258 61739 25890 47447
45046 31762 13315 24136 17320
38103 2858 7684 1675 65057
44958 24893 59551 9544 54089
8160 5345 47074 35961 11669
47515 21640 25573 41626 46254
34307 8449 10052 43080 38085
61704 30656 14480 38463 62921
37560 60707 59582 4432 46961
57569 47164 45450 30206 15947
55659 40846 52359 23243 29872
58217 60721 41563 12073 61575
60207 9147 37977 45666 11158
40805 1532 21774 31161 8301
35555 34585 25051 20573 60325
33117 21526 15659 9324 18550
22555 54565 804 3159 12573
10983 16868 46141 28242 19397
4485 47479 49201 59016 6601
62267 57387 2029 28707 63084
47904 33858 44414 35508 30784
11914 62349 31435 39081 56238
22682 32708 45217 22066 7347
42002 384 35502 64351 22498
29890 46454 55512 49840 40343
26489 6401 59253 42702 28548
3220 36769 3143 1938 55580
42167 22558 30961 11902 64097
4238 63739 45946 51319 61846
49842 47696 8275 6246 25366
23284 37768 19443 3128 15763
8119 53279 48101 36007 20021
6460 7063 53564 63000 30252
58276 5087 61700 22015 10961
48026 8093 21826 11815 2401
10499 32338 18541 60461 40990
9872 40526 12828 21965 11576
11870 53823 16182 44168 21017
37424 37089 9676 4358 25837
4505 6084 19523 29755 12823
29173 17575 9194 30405 46936
24899 60879 18099 48783 64813
27777 33576 51341 42544 24736
15584 43910 33472 7628 11271
35183 10999 28222 17075 64913
33489 10530 31568 17067 3470
15440 24306 57363 57419 56253
3490 59255 60355 41839 19886
825 20412 30926 46803 363
53222 3242 4801 37875 35021
54373 48171 27319 29265 4087
47307 16697 33819 43562 46620
29692 49344 3319 42124 1581
871 7624 64311 22606 25664
6097 30871 28146 65426 58503
13925 17447 31225 12944 9052
17556 47425 47821 25784 56911
58614 6475 53712 39958 3320
52271 6523 61830 28120 44659
10986 33591 65168 20291 4283
40849 22392 27669 11490 58716
24393 3930 42050 55590 41766
8887 64683 2996 3608 30721
43037 59307 8831 33658 64065
59922 4130 8626 37513 22874
48318 37850 41815 22312 1189
48173 23484 26355 32287 63186
29380 45564 65361 25164 36303
44011 49764 65164 50629 25519
50383 7940 44162 4879 46217
51619 51839 61487 38760 53965
12125 54381 38573 60229 50462
15898 50189 61948 22621 21724
5097 29593 29895 64008 38502
2423 54775 48979 19603 53159
57506 14338 19962 3222 61913
64725 50272 26603 50448 48952
13750 29348 21445 7785 54662
38602 5689 19885 39431 54010
51103 40032 40532 36008 50809
9276 22185 55220 22714 37658
38035 32415 61366 11731 41012
13348 48200 6610 22740 26925
65079 55787 14778 45153 52166
49563 62830 17440 48133 7504
58806 58065 18860 39149 56831
16408 46943 48184 63192 62118
8060 28843 52503 45974 11077
4686 63730 12945 38620 30007
51762 1258 37839 25995 22805
25801 60344 52783 15988 38723
47371 12211 23792 44461 47842
4182 24932 35026 65175 16954
62413 40003 5662 12146 62851
8849 4041 22334 49132 25610
58789 45635 17642 64584 64338
32738 62392 43023 63261 1816
5999 312 62093 55810 39250
54536 50196 57092 27956 39711
8077 10633 58699 62956 8282
241 60851 45763 16990 57402
59836 57987 13239 38721 47079
11638 15777 8486 42455 27339
20704 63983 9600 1435 9799
62288 40135 35671 30318 59304
64513 11259 52438 53651 51783
54653 57358 62865 42383 47808
24881 6011 32799 20872 61896
17430 18273 26425 6858 7461
51738 14379 26344 3975 43844
41517 56782 8001 55182 29801
39640 64855 27254 41119 65124
3575 25347 5832 11170 15270
37743 32622 15295 1797 8185
28781 19262 23144 45 11945
7650 20637 198 55837 38273
3010 4036 24614 58481 65046
16468 26516 31007 18390 16727
12234 30583 1651 22324 39289
51867 60126 63368 54876 44327
22768 5945 53251 17761 58915
32737 32851 28522 18718 17501
8302 4272 39219 35666 12927
5399 59100 5337 58270 30065
52395 11604 18921 47828 57537
12150 35126 59840 34523 4105
29175 5408 40395 5008 45333
24474 20886 262 23770 4118
8562 29788 46496 45479 48353
57317 10353 609 42462 51143
22501 43280 44962 35768 47528
884 47656 25949 47612 23369
23110 22386 55206 7110 19700
3411 61971 24473 24778 16276
17425 27001 36670 60803 30333
9454 28212 37640 2980 21746
54840 3117 31379 43964 38770
24516 2254 21925 30102 59707
8536 8510 51003 40951 19287
37051 12140 28037 58761 52603
52142 46558 49559 50170 6083
20076 61142 9718 19838 27915
9734 57407 52969 16206 16494
4131 45122 21121 49315 45141
44283 41881 52229 45108 52096
56562 30648 32638 36910 11074
61464 59111 45694 55289 31966
49937 45853 12233 48364 5872
20561 53445 43630 42310 24873
2076 44028 55004 16097 63396
43540 7850 17803 9210 52936
27630 43050 4983 59400 13040
5139 5841 43482 27098 2268
39876 40670 20159 39659 2100
10804 43238 29831 26582 51830
46118 10001 2028 43064 10238
44136 22321 19064 53997 8481
34112 58914 61346 29861 59511
38993 47750 48617 57212 46016
20582 34908 30509 63558 12718
3926 41453 15260 49912 37629
28578 8619 29767 15829 24369
42976 35390 6909 43217 34784
48756 9715 51949 65387 63188
13511 59038 15224 21864 29326
12708 26246 10655 61190 6313
12537 60980 47791 54257 23878
31954 18545 3414 55311 48731
8880 42636 65381 9038 135
22846 21870 16257 45381 50514
20216 54169 17213 21439 55624
59348 42143 26782 11848 56848
48695 32583 12848 9930 26667
43801 17143 17542 26437 54609
43906 25640 31022 11628 42758
2346 49272 26035 32876 62990
1325 53055 51605 62934 4587
42831 12121 32953 23546 8054
28550 17396 32130 20566 13590
514 7066 31223 2220 26967
51598 55242 16446 18553 53113
47990 54450 14947 22104 38030
34098 61104 11508 24741 12107
30428 48986 58585 35296 28916
22108 37418 58394 46779 32440
15749 751 11239 56078 13850
20050 18833 32541 50640 6612
42765 46621 9209 34608 16510
27038 14187 35781 49905 55507
11092 14234 14913 2362 31623
39432 48216 64950 60219 24465
5264 56574 35466 30917 2579
23429 28523 23975 26734 1257
47 65100 21517 15948 33041
63068 18229 21484 58132 47833
39091 53057 28319 60594 23701
1730 52569 38058 14074 30608
62487 20280 23193 5681 13137
3618 14152 64822 11581 34320
60603 34477 23922 29107 21236
52886 58565 49383 58221 30301
61869 38659 31077 993 14975
43066 8178 24149 48349 77
35257 36249 8285 8776 39578
58902 1109 56076 10518 25047
50585 50563 56920 60776 11438
36152 57815 63163 53298 6442
20932 51159 21422 21635 17738
26143 65238 65517 55484 41739
5812 42828 61265 39102 18947
28946 31824 62871 62260 9240
46360 8652 55078 6824 44172
58602 52637 25292 14252 32898
47027 60549 14844 840 42039
10444 10720 22916 27665 6489
37118 17166 46829 46624 43240
35252 63857 1909 54431 55385
2679 13860 9261 23011 26760
64671 51715 59002 41915 53709
27899 42388 64842 49094 22157
49900 15329 64475 39767 23556
42333 45376 34471 35654 5894
58371 9839 24661 19215 34572
15517 26335 14362 26087 37446
26487 23480 36551 3801 22776
63041 23171 5866 56798 5877
952 56840 40997 50820 41422
16515 12034 50417 20470 50200
13529 48730 12228 34179 63726
3830 29998 14821 11113 1188
33993 35353 21586 37709 12765
23244 48654 42233 18053 12021
36251 11185 57472 5086 4503
34372 58516 62115 12360 31191
56382 10776 29781 10520 40839
47352 10332 57187 33439 54793
36720 28860 709 13693 36604
45059 5875 9800 43766 59877
8180 28095 53382 56908 9791
59934 63171 15355 4202 64070
26505 1587 34674 60030 15746
31471 4568 59182 10994 56263
48430 28387 39823 53124 27476
41394 35863 7455 36372 39551
4456 64609 33877 16738 34810
51035 6107 48706 36625 18507
58577 58127 32382 55910 24784
36512 21182 24396 59978 30919
35490 22314 8466 63896 62127
47949 62241 46711 40110 26859
27222 51465 65307 15018 52592
59393 62332 64173 19075 14339
49592 12186 4645 7794 61476
2642 64353 21150 8739 18187
23917 27753 30800 5234 22623
34987 14410 545 47381 40166
40419 45942 35970 41539 49186
35 39906 30981 26818 27312
110 51110 64727 7947 23616
65158 63247 59392 57393 56307
57950 13796 33849 13690 7848
1729 42602 22303 19902 34349
59442 47103 21289 15647 51438
33783 57838 47727 25821 50760
611 53829 40141 48837 29123
19918 51059 36395 28865 3633
27557 1700 4681 9994 24265
24908 58283 61543 25134 55077
56374 19470 12565 32264 26669
57917 19800 12281 35864 53754
52034 4669 37116 42343 59445
59461 1769 48159 35798 54414
20764 63112 29479 26032 34299
20342 6037 48673 31497 2765
56503 45867 4726 25350 27950
7459 20067 59473 33433 17636
35271 16252 53294 27126 29482
26513 9418 62464 27626 39722
20338 14456 13650 7257 62925
14577 38564 22477 37551 19330
24493 57571 8944 15178 37419
3231 25888 11398 28274 13514
61411 31575 24472 9449 43502
22193 13840 3562 35851 58052
691 64690 58211 46474 39548
36161 30067 46502 52324 2767
58774 9034 62957 57061 26580
36307 56686 19099 43011 57158
8906 45558 49354 30812 31857
65487 47377 16552 59613 29360
25106 293 41304 30478 55012
49558 50772 48655 32782 18426
19709 41356 64057 64586 39820
11778 17257 62362 54176 20381
41783 60551 47887 45742 29381
60218 21604 4887 42858 59339
5304 28639 38892 40358 34850
19668 64071 64802 47739 52217
36016 14689 1283 50525 56993
45945 59546 64249 4121 32531
14965 31131 17235 40845 14472
10381 8035 42950 6335 22506
23843 39656 6064 7733 30548
41734 47170 5731 3763 10840
32579 28907 40767 5501 16377
62827 55403 4234 19501 61898
6946 490 56835 1401 30679
52223 1597 59765 27225 23358
20263 45831 10703 6383 50378
41438 37828 17566 14540 50941
27338 8218 13284 48794 46197
21211 44606 57644 26225 39829
40852 24732 17478 57371 49544
61681 46524 14359 36568 59992
3186 13274 6825 1583 3055
26854 48095 45716 33506 37409
65005 8913 58334 33012 6774
30034 64997 3682 64882 56541
30278 57064 40406 22079 18653
63069 26769 24865 53603 29527
10827 57183 51683 13285 46949
30718 51030 13461 5697 37386
58289 55358 512 2522 51541
31508 32368 11920 55060 54476
20885 16191 26676 47621 59248
63761 29112 2667 50142 15167
34775 17628 16469 40679 62069
61816 4186 45079 42099 52690
41173 29373 55087 55072 53105
46166 62780 47176 30690 60252
31562 11694 44689 12082 19363
5400 54667 3026 26584 63905
63674 60230 46834 14077 43249
15522 27027 33408 44365 21501
3691 33681 61402 592 27977
8765 14055 44921 20990 7743
33861 31928 47131 18752 12099
4658 44575 32662 23293 11567
33493 13389 57954 21606 65186
50611 42337 30831 27265 44008
36042 47957 59276 52696 10
41927 60757 1229 45819 48785
52907 35802 55966 8214 44595
10194 24462 20506 12675 25395
51169 29111 7193 8961 9785
18808 44695 63061 6010 23598
37213 7641 48684 53174 29403
46968 60649 48671 7656 18010
45346 43087 42922 14174 33731
31867 22151 50242 60820 62199
48810 43825 4494 51422 46200
11539 41247 42133 49742 6706
13002 47157 62220 35574 14095
38917 3907 27028 564 19949
22103 38744 24728 13229 28394
47745 48323 40056 52910 52179
43569 24860 6365 30754 28382
35990 36465 35524 33173 10103
19151 32093 13057 32182 3179
14770 30455 21816 45091 53388
46455 50870 52527 3162 39491
28966 17325 41543 62099 3909
2132 58491 17792 58245 61281
52207 34019 40666 41986 25691
5263 38867 9442 19449 4366
22613 30204 29011 2304 23277
17035 54206 16707 34015 35907
30731 35196 14001 33237 39712
39526 7384 6724 64646 53138
34185 57062 17128 25713 32745
3984 38129 15112 58010 22556
61084 29160 54488 54756 23025
50287 25495 34954 7839 29087
17699 44052 27416 4084 12019
24382 49925 23312 2730 27030
16115 33473 50268 62939 36885
20957 4730 16207 23114 47388
24352 8958 12545 4946 47978
32230 7495 62440 61974 24014
25655 49791 26993 55263 47652
52882 15257 61470 20751 33790
27756 53723 3431 25073 33360
62029 49889 40881 45524 44460
23372 45065 39759 50046 36869
53734 31837 64576 61986 35058
31371 20347 34369 49765 59383
14538 33603 36095 42889 3606
25223 38254 30397 42021 28749
42848 5190 51909 59753 52528
4951 12890 54671 26758 40211
11232 34666 29979 18746 52383
46867 1961 52530 43239 54184
33923 29913 5965 19512 23885
51626 8670 54371 50817 13638
64527 11810 26719 24952 35539
17225 270 31697 38825 27639
948 53427 30572 55951 57984
40820 29747 63516 21070 3013
54700 60978 56338 40901 54578
51402 7274 47267 36056 31347
12975 18252 58800 47911 7899
27499 34456 2054 44582 47225
17353 2937 54945 51408 5764
24528 2850 27511 64098 17125
22559 52831 37966 49610 31624
39075 59939 62638 14349 4553
38828 31937 31941 45334 54547
12985 7542 64881 22061 7251
34816 54851 53142 62586 3129
527 17108 19588 64083 54992
3938 41432 13106 21615 55920
42480 50887 61109 40986 55841
61885 36606 32769 60887 37786
35038 5826 21917 29410 50476
14094 54745 60601 63736 15966
49683 33499 7080 59502 54852
49689 56387 16783 47834 31756
64040 63978 41069 64285 24038
60843 29756 53744 9908 10670
49137 19015 53521 34910 54485
20808 16110 34226 8568 34444
